adopt,"vt.  采用,收养,接受"
anonymous,"a.  作者不详的,佚名的,无名的n.  无记录"
audit,"n.  稽核,查帐vt.  稽核,旁听vi.  查账"
bidding,"n.  命令,邀请,出价"
cause,"n.  原因,目标vt.  引起,使产生,成为. . . 的原因"
colloquial,"a.  白话的,口语的,语体的"
consecrate,"vt.  供神用,奉献,使神圣a.  被献给神的,神圣的"
crevice,n.  裂缝
dejected,"a.  沮丧的,灰心的"
dilemma,"n.  困境,进退两难的局面"
drag,"n.  拖,拖累vt. vi.  拖累,拖拉,慢条斯理地走v.  拖动"
engulf,"vt.  卷入,吸进,使全神贯注,吞没,投入深渊"
exemplary,"a.  可仿效的,可做模范的"
figurehead,"n.  装饰船头的人像,破浪神,傀儡领袖"
fussy,"a.  爱挑剔的,难取悦的,易烦恼的"
haggle,"vi.  争论,杀价vt.  乱砍,乱劈n.  杀价,讨论,争论"
ignominious,"a.  可耻的,不名誉的,下流的"
indigent,"a.  贫乏的,穷困的"
intrude,"vi.  闯入,侵入vt.  强挤入"
lithe,a.  柔软的
mitigate,"vt.  镇静,缓和,减轻"
opera,n.  歌剧
pierce,"vt.  刺穿,穿透,洞悉vi.  刺入"
prompt,"n.  提示,提醒,提白,付款期限a.  迅速的,敏捷的,立刻的,提白员的vt.  激励,鼓动,提示"
reconciliation,"(U)  [又作 a ~] 和解;  调停;  和谐,一致 [with,between]"
rim,"n.  边,轮缘,框vt.  镶边,为. . . 装边vi.  形成边状"
sallow,"a.  灰色的,苍白的,气色不好的vt. vi.  (使)成菜色n.  柳属植物,柳枝"
spoil,"n.  战利品,赃物,次品,掠夺,奖品vt.  损坏,破坏,溺爱vi.  腐坏,掠夺"
superintendent,"n.  监督人,管理人,所长"
tolerate,"vt.  宽容,默认,有耐力"
vanity,"n.  虚荣心,虚无,手袋,空虚,自负"
abreast,adv.  并列地，并排地
Babylonian,a.  巴比伦的
cell,n.  细胞; 单人房间; 基层组织
consciously,adv.  有意识地，自觉地
deliberate,a.  审慎的，深思熟虑的
encounter,n. vt.  偶然碰到; 遭遇
foreshorten,v.  (绘画中)按照透视法缩短
herd,n.  兽群(尤指牛群)
insect,n.  昆虫，虫
linguist,n.  语言学家
metric,a.  米制的; 公制的
oceanographer,n.  海洋学者
pipe,n.  管子
puppet,n.  木偶
reverse,vt.  反转; n.  反面; a.  相反的
signal,n.  信号，标志; v.  发信号
station,n.  所; 站; 台
texture,n.  质地; 纹理; 结构
volatile,a.  不稳定性的; 挥发性的
